2
5
2 4 3 6 1
5
5 4 3 2 1

5
3w4b1b1b1b6z5b6b7s1w2w8s9s6z
1w2w3w4b5b6b7s8s9s1b1b2z2z6z
1w2w3w4b5b6b7s8s9s1b1b2z2z2z
1b2b3b4b5b6b2s4s5s5s5s6s7s8s
1b1b1b2b3b4b5b6b7b8b9b9b9b1s

1
9s9s9s7b6b6b5b5b4b3w2w2w2w1w

1
1w1w1w1w1w1w2w2w3w4w5w3w4w5w

1
1w1w1w1w2b2b2b2b3s3s3s7z8z9z

1
1w1w1w2w2w3w3w3w4w4w5w9w9w9w

1
1w1w1w2w2w2w3w3w4w4w4w5w5w6w

1
7w8w9w1b2b3b4z5z6z6z6z3s3s3s

1
1w1w3s3s3s3s3s3s3s3s3s3s3s3s

1
4w7b3w5w2w3b5b5z1b5w6b5w2b5z

1
1w2w3w4b5b6b7s8s9s1b1b2z3z4z

10 4 2
1
2 
3 
4

8 4 4
0 2 4 6

10 1 1
5

9 5 3
3 6 2 5 8

100 4 5
50 25 75 90

16 9 7
4 8 12 16 1 2 6 7 9

7 4
1 3 3 4 5 5 7
3 4 
4 6
2 8
9 9

8 4
2 4 4 6 8 10 20 20
3 19
11 23
1 20
5 8

9 4
1 3 3 3 4 5 5 5 8
3 5
0 10
2 7
9 16    

0 0
0 2
16
RRDDDDLLLLUUUURR